0 0.865625 0.9 0.10625 0.146875
0 0.874609375 0.71640625 0.10546875 0.1453125
0 0.878125 0.52265625 0.10625 0.1390625
0 0.85625 0.35703125 0.10625 0.1234375
0 0.8109375 0.218359375 0.109375 0.09609375
0 0.7234375 0.139453125 0.121875 0.07890625
0 0.619140625 0.087890625 0.13515625 0.05390625
0 0.491796875 0.07109375 0.13359375 0.0421875
0 0.366796875 0.087109375 0.13984375 0.04296875
0 0.276953125 0.14765625 0.13828125 0.0796875
0 0.19296875 0.251171875 0.1171875 0.12421875
0 0.1328125 0.365625 0.10625 0.140625
0 0.10859375 0.48359375 0.1078125 0.1234375
0 0.13125 0.5828125 0.109375 0.0875
0 0.22109375 0.641796875 0.1078125 0.06171875
0 0.3421875 0.674609375 0.1125 0.04921875
0 0.4625 0.675390625 0.115625 0.04453125