2 0.4984375 0.235546875 0.14375 0.14921875
2 0.38828125 0.17890625 0.1265625 0.1234375
2 0.304296875 0.1390625 0.11171875 0.1
2 0.603515625 0.184375 0.12265625 0.11875
2 0.687890625 0.14453125 0.10390625 0.1015625
2 0.626953125 0.053125 0.07578125 0.065625
2 0.569140625 0.06953125 0.08203125 0.0703125
2 0.496484375 0.08984375 0.08984375 0.0796875
2 0.42421875 0.065625 0.0828125 0.071875
2 0.362890625 0.046484375 0.07578125 0.06484375
2 0.391796875 0.0109375 0.03359375 0.021875
2 0.441015625 0.017578125 0.06328125 0.03515625
2 0.495703125 0.025 0.06640625 0.05
2 0.548046875 0.01953125 0.06171875 0.0390625
2 0.594921875 0.0140625 0.05859375 0.028125