0 0.288671875 0.9515625 0.09921875 0.0875
0 0.409765625 0.834375 0.11015625 0.078125
0 0.53828125 0.82890625 0.1859375 0.0578125
0 0.38359375 0.669921875 0.1765625 0.05546875
0 0.56484375 0.65703125 0.1359375 0.0640625
0 0.679296875 0.517578125 0.16171875 0.06640625
0 0.746484375 0.394140625 0.18046875 0.06640625
0 0.79375 0.275 0.19375 0.06875
0 0.77109375 0.131640625 0.2078125 0.06640625
0 0.6375 0.0828125 0.146875 0.09375
0 0.49140625 0.108984375 0.0671875 0.09296875
0 0.370703125 0.217578125 0.10390625 0.06640625
0 0.321875 0.348046875 0.15625 0.05859375