2 0.896484375 0.199609375 0.08046875 0.05546875
2 0.69453125 0.294921875 0.0796875 0.05234375
2 0.48203125 0.387890625 0.0796875 0.05390625
2 0.493359375 0.529296875 0.06796875 0.04609375
2 0.075390625 0.666015625 0.06015625 0.04140625
2 0.165625 0.693359375 0.065625 0.04609375
2 0.324609375 0.670703125 0.05859375 0.03828125
2 0.335546875 0.614453125 0.06796875 0.04453125
2 0.218359375 0.603515625 0.05859375 0.04140625
2 0.437890625 0.739453125 0.06015625 0.04140625
2 0.61875 0.612890625 0.06875 0.04453125
2 0.740625 0.693359375 0.065625 0.04609375