0 0.134375 0.9 0.10625 0.146875
0 0.124609375 0.71640625 0.10546875 0.1453125
0 0.1234375 0.52265625 0.10625 0.1390625
0 0.14375 0.35703125 0.10625 0.1234375
0 0.190625 0.218359375 0.109375 0.09609375
0 0.278125 0.139453125 0.121875 0.07890625
0 0.381640625 0.087890625 0.13515625 0.05390625
0 0.508984375 0.07109375 0.13359375 0.0421875
0 0.632421875 0.087109375 0.13984375 0.04296875
0 0.723828125 0.14765625 0.13828125 0.0796875
0 0.80859375 0.251171875 0.1171875 0.12421875
0 0.8671875 0.365625 0.10625 0.140625
0 0.89296875 0.48359375 0.1078125 0.1234375
0 0.86875 0.5828125 0.109375 0.0875
0 0.77890625 0.641796875 0.1078125 0.06171875
0 0.659375 0.674609375 0.1125 0.04921875
0 0.5390625 0.675390625 0.115625 0.04453125