0 0.137890625 0.9125 0.27578125 0.175
0 0.62734375 0.7921875 0.3609375 0.23125
0 0.115234375 0.465234375 0.23046875 0.14296875
0 0.845703125 0.305078125 0.23203125 0.12578125
0 0.5875 0.361328125 0.234375 0.13203125
0 0.926171875 0.112890625 0.14609375 0.08828125
0 0.787109375 0.1484375 0.17421875 0.09375
0 0.459375 0.2046875 0.175 0.1
0 0.21484375 0.2453125 0.1734375 0.103125
0 0.571484375 0.054296875 0.13046875 0.08359375
0 0.408984375 0.080078125 0.13359375 0.08828125
0 0.12109375 0.12109375 0.1328125 0.0921875