2 0.104296875 0.199609375 0.08046875 0.05546875
2 0.30703125 0.294921875 0.0796875 0.05234375
2 0.51796875 0.387890625 0.0796875 0.05390625
2 0.507421875 0.529296875 0.06796875 0.04609375
2 0.923828125 0.666015625 0.06015625 0.04140625
2 0.8359375 0.693359375 0.065625 0.04609375
2 0.676171875 0.670703125 0.05859375 0.03828125
2 0.665234375 0.614453125 0.06796875 0.04453125
2 0.780859375 0.603515625 0.05859375 0.04140625
2 0.562890625 0.739453125 0.06015625 0.04140625
2 0.3828125 0.612890625 0.06875 0.04453125
2 0.259375 0.693359375 0.065625 0.04609375