1 0.2 0.44453125 0.046875 0.0328125
1 0.209375 0.46484375 0.05 0.0359375
1 0.27578125 0.4359375 0.0453125 0.03125
1 0.286328125 0.45625 0.04765625 0.034375
1 0.34375 0.50078125 0.053125 0.0390625
1 0.33515625 0.515625 0.0546875 0.040625
1 0.431640625 0.4921875 0.05078125 0.0375
1 0.41875 0.50390625 0.053125 0.0390625
1 0.60078125 0.5515625 0.0609375 0.04375
1 0.58984375 0.56796875 0.0609375 0.0453125
1 0.504296875 0.560546875 0.06171875 0.04296875
1 0.4953125 0.5796875 0.0625 0.046875
1 0.812109375 0.622265625 0.06796875 0.04140625
1 0.81171875 0.64921875 0.0703125 0.0546875
1 0.708984375 0.6390625 0.07109375 0.046875
1 0.709765625 0.66875 0.07265625 0.05625