2 0.500390625 0.06953125 0.14453125 0.1296875
2 0.38046875 0.1625 0.1390625 0.128125
2 0.259765625 0.25078125 0.14140625 0.1296875
2 0.620703125 0.1609375 0.14140625 0.13125
2 0.74375 0.25078125 0.146875 0.1296875
2 0.497265625 0.40078125 0.14453125 0.1296875
2 0.625390625 0.490625 0.14453125 0.13125
2 0.378515625 0.48984375 0.14453125 0.1328125
2 0.259765625 0.5796875 0.14140625 0.13125
2 0.747265625 0.58203125 0.14453125 0.1328125
2 0.503515625 0.73125 0.14453125 0.128125
2 0.7484375 0.9109375 0.146875 0.13125
2 0.625390625 0.82265625 0.14453125 0.1296875
2 0.380078125 0.8203125 0.14453125 0.13125
2 0.262890625 0.90859375 0.14140625 0.1296875