0 0.712109375 0.9515625 0.09921875 0.0875
0 0.589453125 0.834375 0.11015625 0.078125
0 0.46171875 0.82890625 0.1859375 0.0578125
0 0.61796875 0.669921875 0.1765625 0.05546875
0 0.43515625 0.65703125 0.1359375 0.0640625
0 0.321484375 0.517578125 0.16171875 0.06640625
0 0.252734375 0.394140625 0.18046875 0.06640625
0 0.2078125 0.275 0.19375 0.06875
0 0.22890625 0.131640625 0.2078125 0.06640625
0 0.3625 0.0828125 0.146875 0.09375
0 0.51015625 0.108984375 0.0671875 0.09296875
0 0.628515625 0.217578125 0.10390625 0.06640625
0 0.6796875 0.348046875 0.15625 0.05859375