1 0.176171875 0.753515625 0.27109375 0.24765625
1 0.41328125 0.666015625 0.2421875 0.21640625
1 0.70703125 0.7078125 0.2578125 0.23125
1 0.8640625 0.6296875 0.228125 0.203125
1 0.24765625 0.425390625 0.1515625 0.12578125
1 0.376953125 0.3921875 0.14140625 0.115625
1 0.55390625 0.408984375 0.1484375 0.12109375
1 0.655078125 0.381640625 0.13828125 0.11015625
1 0.565234375 0.276953125 0.09921875 0.07890625
1 0.491015625 0.289453125 0.10390625 0.08203125
1 0.36328125 0.283984375 0.1015625 0.08359375
1 0.2734375 0.29921875 0.10625 0.0859375
1 0.516796875 0.21484375 0.07734375 0.0609375
1 0.455078125 0.22421875 0.08203125 0.0609375
1 0.35625 0.21953125 0.075 0.0609375
1 0.28671875 0.230078125 0.0796875 0.06328125
1 0.294140625 0.186328125 0.06640625 0.05078125
1 0.35703125 0.1796875 0.0640625 0.05
1 0.43125 0.1828125 0.065625 0.05
1 0.48515625 0.177734375 0.0640625 0.04921875
1 0.296875 0.15859375 0.05625 0.0421875
1 0.3546875 0.15390625 0.05625 0.0390625
1 0.416796875 0.155078125 0.05546875 0.04453125
1 0.44296875 0.1296875 0.0453125 0.034375
1 0.430859375 0.11640625 0.03671875 0.0265625
1 0.425 0.103125 0.03125 0.01875
1 0.403515625 0.13359375 0.04140625 0.0296875
1 0.39609375 0.116015625 0.0359375 0.02578125
1 0.39140625 0.10625 0.0328125 0.021875
1 0.352734375 0.1328125 0.04921875 0.03125
1 0.349609375 0.11640625 0.03984375 0.0234375
1 0.35 0.10390625 0.034375 0.0203125
1 0.3 0.13515625 0.046875 0.0359375
1 0.30390625 0.12109375 0.0421875 0.0265625
1 0.3078125 0.10625 0.0375 0.021875